   HJD          MAG      MAGERR   CONTAM    SKYLO   SKYHI   BLIM    TYPE    CHIP     XP   YP   FILTS 
   56423.7139080   19.136   0.020    0.00      22.19     30.60    0.088    1.0    4.0   163.44 1993.44  u
   56423.8620910   19.070   0.016    0.00      22.93     31.95    0.085    1.0    4.0    70.75 2060.01  u
   56424.6949220   19.209   0.021    0.00      19.38     28.98    0.089    1.0    4.0   147.53 2012.44  u
   56424.7749900   18.982   0.019    0.00      42.83     68.57    0.089    1.0    4.0   116.54 2031.77  u
   56424.8604500   19.054   0.015    0.00      39.22     57.04    0.079    1.0    4.0   132.58 2006.13  u
   56450.6592930   19.255   0.017    0.00      18.30     26.51    0.087    1.0    4.0   250.52 1937.43  u
   56450.7851960   18.935   0.017    0.00      21.16     30.51    0.082    1.0    4.0   193.17 1973.04  u
   56450.8836680   19.197   0.019    0.00      26.06     35.37    0.087    1.0    4.0   203.26 1970.10  u
   56450.9360750   19.248   0.022    0.00      46.57     56.34    0.096    1.0    4.0   206.95 1993.73  u
   56451.6598150   19.242   0.018    0.00      19.06     27.64    0.088    1.0    4.0   244.32 1975.91  u
   56451.7605620   18.982   0.017    0.00      16.62     25.06    0.082    1.0    4.0   184.40 1958.25  u
   56451.8837080   19.168   0.017    0.00      20.51     27.90    0.089    1.0    4.0   196.23 2067.90  u
   56452.6043250   19.026   0.016    0.00      17.03     24.49    0.085    1.0    4.0   290.70 1965.44  u
   56452.7999920   18.934   0.015    0.07      15.80     23.47    0.086    1.0    4.0   251.73 1967.16  u
   56452.8681620   19.100   0.017    0.00      17.36     25.44    0.082    1.0    4.0   198.41 1958.79  u
   56453.6697880   19.282   0.019    0.00      18.46     26.85    0.085    1.0    4.0   204.62 2031.67  u
   56453.8230240   18.860   0.055    0.00      18.82     26.27    0.089    1.0    4.0   276.40 1946.00  u
   56453.8929870   19.251   0.031    0.11      17.94     29.78    0.089    1.0    4.0   186.27 1947.70  u
   56509.5294390   18.960   0.016    0.00      16.91     28.52    0.171    1.0    4.0   202.83 2003.45  u
   56509.5994900   19.059   0.017    0.00      18.92     31.05    0.122    1.0    4.0   194.53 2028.97  u
   56509.6657810   19.275   0.015    0.00      14.04     23.68    0.084    1.0    4.0   164.10 1932.58  u
   56509.7306200   19.059   0.017    0.00      13.82     21.63    0.084    1.0    4.0   143.66 1913.28  u
   56510.6584130   19.270   0.017    0.00      14.21     21.58    0.086    1.0    4.0   141.82 1958.39  u
   56510.7224340   19.084   0.018    0.00      18.47     26.32    0.086    1.0    4.0   107.31 1944.89  u
   57112.8935940   19.237   0.094    0.09      13.89     21.37    0.085    1.0    4.0   172.55 1893.01  u
   57113.9069520   19.216   0.084    0.05      13.59     20.85    0.084    1.0    4.0   147.00 1923.73  u
   57114.7591720   19.173   0.182    0.00      13.27     20.43    0.086    1.0    4.0   146.43 1918.31  u
   57114.7722130   19.253   0.142    0.00      14.72     22.16    0.085    1.0    4.0   126.67 1968.92  u
   57114.7853120   18.930   0.103    0.00       1.10      1.72    0.206    1.0    3.0   225.12 1989.41  u
   57114.7986250   19.162   0.119    0.00       1.57      2.24    0.223    1.0    3.0   233.94 1988.38  u
   57114.8115690   19.503   0.153    0.00      11.89     14.02    0.317    7.0    3.0   233.21 1988.59  u
   57114.8244400   19.178   0.083    0.00      11.44     12.86    0.310    7.0    3.0   217.52 1980.07  u
   57114.8373810   19.139   0.102    0.00      10.75     12.02    0.234    7.0    3.0   218.28 1975.34  u
   57114.8503160   19.048   0.082    0.00       9.90     10.92    0.274    7.0    3.0   226.61 1976.72  u
   57114.8572100   19.206   0.085    0.00       8.85      9.91    0.329    7.0    3.0   224.86 1972.54  u
   57114.8640000   19.227   0.081    0.00       7.64      8.88    0.233    7.0    3.0   246.82 2007.56  u
   57114.8812680   19.277   0.081    0.00       6.31      7.51    0.223    7.0    3.0   225.57 1976.98  u
   57114.8936260   19.165   0.085    0.00       4.97      6.10    0.198    1.0    3.0   235.81 1978.67  u
   57114.9092010   19.228   0.086    0.00       4.20      5.18    0.223    7.0    3.0   226.34 1969.34  u
   57115.7377530   18.955   0.128    0.00       3.45      4.29    0.208    1.0    3.0   220.17 1977.56  u
   57115.7482710   18.878   0.123    0.00       1.66      2.33    0.204    1.0    3.0   234.22 1997.06  u
   57115.7611170   19.271   0.167    0.00       1.27      1.93    0.199    1.0    3.0   197.14 2006.12  u
   57115.7748830   19.227   0.136    0.00       1.60      2.23    0.195    1.0    3.0   229.54 1967.17  u
   57115.7878560   19.287   0.140    0.00      19.17     20.38    0.277    7.0    3.0   282.23 2023.58  u
   57115.8009000   18.899   0.096    0.00      17.40     19.25    0.268    7.0    3.0   224.34 1986.20  u
   57115.8139030   19.360   0.117    0.00      16.73     18.04    0.328    7.0    3.0   232.09 1977.05  u
   57115.8268540   19.163   0.110    0.00      15.75     16.88    0.284    7.0    3.0   216.97 1984.11  u
   57115.8400330   19.269   0.110    0.00      14.60     15.86    0.305    7.0    3.0   235.51 2001.31  u
   57115.8528930   19.489   0.134    0.00      12.50     14.91    0.231    7.0    3.0   223.85 1987.74  u
   57115.8657850   19.231   0.100    0.00      12.10     13.83    0.276    7.0    3.0   232.37 2001.13  u
   57115.8920490   18.992   0.092    0.00      11.38     12.87    0.234    7.0    3.0   209.73 2003.71  u
   57115.9091130   19.113   0.065    0.00      10.82     11.85    0.232    7.0    3.0   222.35 1985.51  u
   57115.9146260   18.890   0.066    0.00       9.82     10.72    0.286    7.0    3.0   222.03 1993.36  u
   57116.7352620   18.849   0.173    0.00       8.47      9.55    0.211    7.0    3.0   219.74 1997.45  u
   57116.7563630   19.009   0.143    0.00       5.14      6.09    0.193    7.0    3.0   214.60 1971.94  u
   57116.7693590   19.059   0.135    0.00       3.13      3.93    0.179    1.0    3.0   215.25 2006.63  u
   57116.7822650   19.115   0.147    0.00       3.94      4.81    0.162    1.0    3.0   228.58 1990.38  u
   57116.7954080   19.395   0.153    0.00      29.64     30.73    0.373    7.0    3.0   221.83 2048.86  u
   57116.8083910   19.366   0.151    0.00      26.34     27.50    0.327    7.0    3.0   222.40 1991.78  u
   57116.8213610   19.198   0.101    0.00      24.65     25.90    0.302    7.0    3.0   227.00 1991.51  u
   57116.8343530   19.247   0.124    0.00      23.16     24.44    0.301    7.0    3.0   230.90 1997.61  u
   57116.8472560   19.233   0.118    0.00      21.75     23.10    0.306    7.0    3.0   217.70 2007.97  u
   57116.8609670   19.261   0.115    0.00      20.68     21.81    0.326    7.0    3.0   232.54 1990.73  u
   57116.8738280   19.230   0.095    0.00      19.62     20.74    0.257    7.0    3.0   212.02 1997.89  u
   57116.8869410   19.122   0.088    0.00      18.50     19.71    0.279    7.0    3.0   223.95 1999.61  u
   57116.9000160   18.997   0.085    0.00      17.22     18.65    0.259    7.0    3.0   210.02 2001.35  u
   57116.9137920   18.987   0.100    0.00      16.32     17.57    0.247    7.0    3.0   219.12 1992.78  u
   56423.8604800   17.881   0.012    0.00      15.24     16.48    0.235    7.0    3.0   204.21 1995.31  g
   56424.8576810   17.873   0.014    0.00      13.16     15.14    0.217    7.0    3.0   223.03 2005.65  g
   56450.6577880   18.063   0.014    0.00      11.60     12.98    0.196    1.0    3.0   226.24 2000.56  g
   56450.7836980   17.788   0.015    0.00       9.89     10.79    0.223    7.0    3.0   232.62 1983.44  g
   56450.9345800   17.986   0.015    0.00      92.50    114.30    0.075    1.0    4.0    61.39 2053.55  g
   56451.7590630   17.817   0.016    0.00     216.73    302.84    0.077    1.0    4.0   130.43 1998.11  g
   56451.8821890   17.984   0.011    0.00      82.84    107.94    0.080    1.0    4.0   237.91 1889.33  g
   56452.6027360   17.883   0.014    0.00      89.24    113.02    0.081    1.0    4.0   197.77 1975.09  g
   56452.6913720   18.037   0.015    0.00     141.88    164.37    0.077    1.0    4.0   218.00 1992.64  g
   56452.7985020   17.769   0.014    0.00      83.59    109.97    0.079    1.0    4.0   177.34 2009.55  g
   56452.8666190   17.919   0.014    0.00      92.30    114.95    0.076    1.0    4.0   201.47 2058.64  g
   56453.6682860   18.070   0.014    0.00      83.85    106.58    0.077    1.0    4.0   285.07 1972.59  g
   56453.7410100   17.864   0.019    0.00      80.55    105.03    0.077    1.0    4.0   263.91 1933.36  g
   56453.8214310   17.816   0.018    0.00      83.78    108.66    0.076    1.0    4.0   198.15 1998.38  g
   56453.8914780   18.041   0.016    0.00     105.48    122.31    0.078    1.0    4.0   207.30 2034.63  g
   56509.7291260   17.878   0.012    0.00      82.32    106.41    0.078    1.0    4.0   288.30 1956.06  g
   56510.5253620   17.786   0.012    0.00     104.93    144.01    0.079    1.0    4.0   191.54 1941.94  g
   57112.8932270   17.918   0.024    0.00     104.79    153.47    0.088    1.0    4.0   207.44 1986.73  g
   57113.9065750   17.877   0.024    0.00     108.45    161.69    0.085    1.0    4.0   204.60 2036.65  g
   57114.7481090   17.849   0.032    0.00      98.21    121.45    0.076    1.0    4.0    98.93 1985.49  g
   57114.7588050   17.842   0.029    0.00      81.75    104.28    0.075    1.0    4.0   182.31 1883.69  g
   57114.7718320   17.939   0.033    0.00       5.12      6.75    0.099    1.0    3.0   225.25 1986.08  g
   57114.7849390   17.964   0.029    0.00       6.37      8.54    0.101    1.0    3.0   215.42 2000.89  g
   57114.7982390   17.972   0.033    0.00      60.77     63.36    0.119    1.0    3.0   191.30 2017.56  g
   57114.8111970   18.109   0.032    0.00      56.53     59.16    0.112    1.0    3.0   242.62 1999.33  g
   57114.8240710   18.085   0.029    0.00      51.97     54.37    0.114    1.0    3.0   210.88 1969.80  g
   57114.8370140   18.117   0.025    0.00      48.00     50.86    0.112    1.0    3.0   221.77 1967.57  g
   57114.8499380   18.118   0.024    0.00      44.09     46.69    0.111    1.0    3.0   210.38 1968.44  g
   57114.8568300   18.093   0.028    0.00      40.32     43.00    0.114    1.0    3.0   221.61 1984.57  g
   57114.8636320   18.062   0.026    0.00      36.59     39.51    0.107    1.0    3.0   247.94 2001.40  g
   57114.8808820   17.934   0.023    0.00      32.64     35.57    0.108    1.0    3.0   223.15 1979.26  g
   57114.8932530   17.910   0.021    0.00      27.84     30.63    0.106    1.0    3.0   218.82 1986.23  g
   57114.9096790   17.873   0.022    0.00      24.97     27.71    0.106    1.0    3.0   209.51 1962.48  g
   57115.7478920   17.828   0.032    0.00      21.35     24.19    0.104    1.0    3.0   226.02 1980.24  g
   57115.7607480   17.962   0.032    0.00      10.05     12.45    0.099    1.0    3.0   214.52 1979.56  g
   57115.7745020   17.905   0.028    0.00       5.31      7.89    0.098    1.0    3.0   183.30 2008.64  g
   57115.7874760   17.946   0.030    0.00       7.30      9.79    0.097    1.0    3.0   231.05 1965.99  g
   57115.8005390   18.054   0.034    0.00      76.40     78.97    0.116    1.0    3.0   219.96 2001.98  g
   57115.8135310   18.023   0.031    0.00      70.72     73.23    0.117    1.0    3.0   227.04 1990.93  g
   57115.8264820   18.099   0.033    0.00      65.62     68.05    0.110    1.0    3.0   205.55 1972.40  g
   57115.8396640   18.132   0.025    0.00      61.36     64.13    0.110    1.0    3.0   227.08 1988.58  g
   57115.8525330   18.091   0.027    0.00      57.58     60.28    0.119    1.0    3.0   213.99 1988.13  g
   57115.8654080   18.056   0.025    0.00      54.25     56.89    0.111    1.0    3.0   215.53 1998.67  g
   57115.8916710   17.887   0.025    0.00      50.97     53.79    0.114    1.0    3.0   218.15 2002.86  g
   57115.8995330   17.883   0.014    0.00      47.78     50.30    0.109    1.0    3.0   222.44 1979.53  g
   57115.9154710   17.841   0.019    0.00      44.13     46.73    0.108    1.0    3.0   214.36 1986.61  g
   57116.7348890   17.975   0.057    0.00      40.10     42.55    0.103    1.0    3.0   205.31 1987.39  g
   57116.7431340   17.732   0.041    0.00      29.53     31.97    0.099    1.0    3.0   217.91 1985.92  g
   57116.7559860   17.856   0.035    0.00     497.02    517.08    0.077    1.0    3.0   214.30 1993.34  g
   57116.7689880   17.920   0.032    0.00      23.52     25.97    0.098    1.0    3.0   212.18 1988.61  g
   57116.7818970   17.879   0.036    0.00     119.88    122.60    0.146    1.0    3.0   211.57 2040.72  g
   57116.7950390   17.981   0.030    0.00     113.37    115.88    0.126    1.0    3.0   213.49 2015.30  g
   57116.8080180   18.063   0.036    0.00     104.43    107.05    0.124    1.0    3.0   224.41 1981.34  g
   57116.8209970   18.103   0.034    0.00      96.52     99.16    0.118    1.0    3.0   224.64 1982.81  g
   57116.8339810   18.105   0.039    0.00      90.11     92.60    0.120    1.0    3.0   230.36 2002.37  g
   57116.8468840   18.109   0.034    0.00      84.46     87.36    0.112    1.0    3.0   224.41 2004.21  g
   57116.8605860   18.084   0.035    0.00      80.17     82.90    0.119    1.0    3.0   220.66 1984.07  g
   57116.8734550   17.991   0.028    0.00      75.98     78.77    0.118    1.0    3.0   207.12 1988.36  g
   57116.8865720   17.931   0.029    0.00      72.51     75.27    0.117    1.0    3.0   224.59 1990.46  g
   57116.8996360   17.908   0.022    0.00      69.19     72.00    0.116    1.0    3.0   208.06 1989.49  g
   57116.9134040   17.861   0.030    0.00      65.93     68.71    0.111    1.0    3.0   223.07 2007.39  g
   56423.7072320   17.542   0.015    0.00      62.80     65.75    0.112    1.0    3.0   213.29 2009.23  r
   56423.8549640   17.402   0.014    0.00      59.46     62.11    0.103    1.0    3.0   214.96 2019.38  r
   56424.6853680   17.602   0.015    0.00      53.39     56.11    0.103    1.0    3.0   212.36 2008.07  r
   56424.6888630   17.606   0.013    0.00      46.11     48.60    0.110    1.0    3.0   213.83 1993.93  r
   56424.7643290   17.368   0.013    0.00      79.41     91.93    0.079    1.0    4.0   153.53 1991.20  r
   56424.8494070   17.389   0.015    0.00      88.06     97.35    0.078    1.0    4.0    52.30 2064.08  r
   56450.6532500   17.592   0.018    0.00      76.56     85.71    0.079    1.0    4.0   154.18 2004.68  r
   56450.7785270   17.337   0.014    0.00     265.27    296.74    0.077    1.0    4.0   148.05 2003.93  r
   56450.7792110   17.333   0.012    0.00     652.20    788.19    0.078    1.0    4.0    88.83 2000.59  r
   56450.8765110   17.505   0.013    0.00     665.98    804.89    0.079    1.0    4.0   109.55 1995.45  r
   56450.9293750   17.623   0.014    0.00     217.62    242.98    0.080    1.0    4.0   249.64 1939.41  r
   56451.6526390   17.608   0.016    0.00      74.79     86.48    0.081    1.0    4.0   190.93 1974.21  r
   56451.6534340   17.585   0.016    0.00     249.51    291.53    0.085    1.0    4.0   181.75 1971.48  r
   56451.7538660   17.377   0.015    0.00      87.20     98.26    0.079    1.0    4.0   212.91 2038.20  r
   56451.7545570   17.384   0.015    0.00      90.38    101.22    0.080    1.0    4.0   244.78 2020.47  r
   56451.8769840   17.488   0.013    0.00      82.42     93.03    0.080    1.0    4.0   229.89 1981.51  r
   56451.8776750   17.508   0.012    0.00     269.07    295.44    0.077    1.0    4.0   242.72 1983.84  r
   56452.5971890   17.389   0.016    0.00      62.76     73.91    0.080    1.0    4.0   171.63 1980.62  r
   56452.5979350   17.412   0.015    0.00     206.74    239.40    0.081    1.0    4.0   179.31 1984.98  r
   56452.6858420   17.606   0.017    0.00      72.72     82.49    0.079    1.0    4.0   241.96 2024.28  r
   56452.6866290   17.602   0.014    0.00     239.58    265.84    0.076    1.0    4.0   233.13 2037.33  r
   56452.7932910   17.333   0.015    0.00      69.33     79.95    0.079    1.0    4.0   268.44 1964.92  r
   56452.7939900   17.325   0.014    0.00     232.32    260.57    0.079    1.0    4.0   258.76 1907.42  r
   56453.6631040   17.637   0.016    0.00      55.09     65.32    0.080    1.0    4.0   241.07 1946.11  r
   56453.6637740   17.630   0.015    0.00     184.62    218.21    0.080    1.0    4.0   231.51 1951.83  r
   56453.7358430   17.461   0.019    0.00      59.67     71.07    0.082    1.0    4.0   202.70 2011.98  r
   56453.7365240   17.424   0.015    0.00     201.03    240.80    0.083    1.0    4.0   191.12 2000.11  r
   56453.8158610   17.343   0.016    0.00      80.56     93.04    0.084    1.0    4.0   255.09 1936.47  r
   56453.8166520   17.346   0.016    0.00     221.32    266.21    0.079    1.0    4.0   258.44 1940.86  r
   56453.8863250   17.542   0.020    0.00      83.41     99.04    0.094    1.0    4.0   213.27 1946.36  r
   56453.8870060   17.582   0.017    0.00     254.03    324.04    0.082    1.0    4.0   196.97 1957.81  r
   56509.5227460   17.335   0.015    0.00      81.94    104.40    0.087    1.0    4.0   238.52 1991.72  r
   56509.5234270   17.325   0.015    0.00     269.27    343.92    0.082    1.0    4.0   225.69 1991.34  r
   56509.5934820   17.410   0.017    0.00      90.45    113.95    0.093    1.0    4.0   227.64 2003.86  r
   56509.6590940   17.622   0.014    0.00     303.58    378.27    0.089    1.0    4.0   214.92 1969.94  r
   56509.6597740   17.627   0.017    0.00      68.73     81.94    0.078    1.0    4.0   179.86 1956.66  r
   56509.7239610   17.436   0.014    0.00     224.34    264.41    0.080    1.0    4.0   170.31 1951.56  r
   56509.7246560   17.437   0.013    0.00     223.37    264.25    0.080    1.0    4.0   146.54 1965.71  r
   56510.5201960   17.341   0.014    0.00      58.76     70.55    0.080    1.0    4.0   163.56 1937.79  r
   56510.5208830   17.332   0.014    0.00     194.83    230.89    0.080    1.0    4.0   151.86 1949.79  r
   56510.5861100   17.402   0.014    0.00      74.55     86.19    0.079    1.0    4.0   124.77 1997.70  r
   56510.6517650   17.604   0.014    0.00     250.94    281.09    0.079    1.0    4.0   117.73 1951.87  r
   56510.6524520   17.599   0.014    0.00      61.94     72.38    0.077    1.0    4.0   200.55 1898.70  r
   56510.7157450   17.463   0.013    0.00     204.73    232.39    0.076    1.0    4.0   212.94 1889.04  r
   56510.7164240   17.455   0.013    0.00     181.66    216.66    0.080    1.0    4.0   151.48 1921.07  r
   57113.9054680   17.414   0.016    0.00      55.23     67.89    0.081    1.0    4.0   139.37 1920.64  r
   57114.7470020   17.365   0.019    0.00     185.79    225.59    0.082    1.0    4.0   132.83 1914.68  r
   57114.7576750   17.360   0.020    0.00      61.23     71.32    0.079    1.0    4.0   141.60 1956.71  r
   57114.7707120   17.409   0.020    0.00     206.28    232.66    0.076    1.0    4.0   130.08 1952.08  r
   57114.7838220   17.433   0.019    0.06      13.39     16.25    0.089    1.0    3.0   216.80 1992.71  r
   57114.7971210   17.575   0.022    0.00      13.66     17.09    0.088    1.0    3.0   216.67 2025.43  r
   57114.8100770   17.556   0.024    0.00      55.16     59.72    0.093    1.0    3.0   189.96 2034.88  r
   57114.8229490   17.649   0.021    0.00      52.13     55.92    0.094    1.0    3.0   232.51 2016.06  r
   57114.8358790   17.640   0.020    0.00      48.32     51.93    0.092    1.0    3.0   206.59 1990.89  r
   57114.8488070   17.653   0.020    0.00      44.54     48.61    0.093    1.0    3.0   215.82 1987.04  r
   57114.8556800   17.592   0.025    0.00      42.08     45.74    0.095    1.0    3.0   192.03 1982.90  r
   57114.8625160   17.594   0.018    0.00      39.58     43.93    0.092    1.0    3.0   226.75 1998.90  r
   57114.8797500   17.497   0.019    0.00      37.34     41.46    0.094    1.0    3.0   238.49 2008.99  r
   57114.8921000   17.468   0.017    0.00      34.99     39.23    0.093    1.0    3.0   214.55 2013.72  r
   57114.9080930   17.405   0.016    0.00      32.28     36.18    0.090    1.0    3.0   241.68 1984.72  r
   57115.7362760   17.352   0.020    0.00      30.13     34.72    0.091    1.0    3.0   213.84 1974.06  r
   57115.7467860   17.348   0.020    0.00      27.93     31.53    0.090    1.0    3.0   235.18 1989.46  r
   57115.7596230   17.401   0.023    0.00      19.91     24.13    0.088    1.0    3.0   207.75 1985.04  r
   57115.7733580   17.446   0.015    0.00      13.81     17.74    0.090    1.0    3.0   222.77 2014.18  r
   57115.7863400   17.435   0.021    0.00      14.51     18.17    0.086    1.0    3.0   240.43 1979.55  r
   57115.7994190   17.573   0.023    0.00      71.37     74.94    0.092    1.0    3.0   281.41 2049.81  r
   57115.8124050   17.569   0.021    0.00      66.86     70.18    0.095    1.0    3.0   229.09 1994.63  r
   57115.8253380   17.659   0.019    0.00      61.11     64.87    0.095    1.0    3.0   226.31 2000.76  r
   57115.8385100   17.641   0.019    0.00      56.71     60.52    0.091    1.0    3.0   219.09 2001.43  r
   57115.8514050   17.612   0.021    0.00      53.21     57.06    0.092    1.0    3.0   242.66 1986.96  r
   57115.8642870   17.546   0.019    0.00      50.33     54.27    0.095    1.0    3.0   215.92 1997.16  r
   57115.8905760   17.501   0.021    0.00      48.18     51.83    0.093    1.0    3.0   208.83 2016.08  r
   57115.8950790   17.442   0.015    0.00      46.42     49.88    0.094    1.0    3.0   211.44 1990.35  r
   57115.9076330   17.398   0.017    0.00      44.37     47.71    0.093    1.0    3.0   230.22 1991.90  r
   57115.9138740   17.383   0.017    0.00      41.98     45.40    0.093    1.0    3.0   235.17 1993.74  r
   57116.7337620   17.339   0.024    0.00      39.24     42.16    0.089    1.0    3.0   218.03 2008.03  r
   57116.7420110   17.483   0.031    0.00      33.32     36.56    0.089    1.0    3.0   223.49 1981.65  r
   57116.7548770   17.392   0.025    0.00     643.89    664.56    0.078    1.0    3.0   199.97 1988.97  r
   57116.7678780   17.386   0.026    0.00      26.89     29.71    0.086    1.0    3.0   200.90 1976.90  r
   57116.7807770   17.455   0.020    0.00      29.01     32.03    0.087    1.0    3.0   224.66 1999.93  r
   57116.7939190   17.473   0.021    0.00     101.27    104.74    0.101    1.0    3.0   210.16 2018.06  r
   57116.8068980   17.573   0.024    0.00      95.54     99.47    0.108    1.0    3.0   229.80 2003.65  r
   57116.8198600   17.641   0.025    0.00      88.16     91.79    0.100    1.0    3.0   230.36 1997.32  r
   57116.8328450   17.647   0.026    0.00      80.31     83.54    0.095    1.0    3.0   221.32 2011.64  r
   57116.8457200   17.623   0.021    0.00      74.10     77.83    0.095    1.0    3.0   232.25 2013.09  r
   57116.8594680   17.595   0.019    0.00      69.79     73.35    0.094    1.0    3.0   207.97 2029.92  r
   57116.8723270   17.564   0.020    0.00      66.26     69.62    0.094    1.0    3.0   202.62 2007.67  r
   57116.8854510   17.497   0.019    0.00      63.20     66.83    0.097    1.0    3.0   216.56 2001.95  r
   57116.8985220   17.451   0.017    0.00      60.25     63.77    0.097    1.0    3.0   215.77 1994.87  r
   57116.9122920   17.409   0.020    0.00      57.88     61.20    0.094    1.0    3.0   217.99 1994.84  r
   56423.7094170   17.391   0.015    0.00      55.69     59.31    0.094    1.0    3.0   245.38 2000.76  i
   56423.8573020   17.274   0.012    0.00      54.18     57.47    0.090    1.0    3.0   226.85 2016.43  i
   56424.6903720   17.462   0.013    0.00      51.66     54.89    0.089    1.0    3.0   225.44 1994.96  i
   56424.7669960   17.229   0.014    0.00      47.77     50.94    0.088    1.0    3.0   214.73 1993.26  i
   56424.8521590   17.266   0.013    0.00      42.86     46.76    0.092    1.0    3.0   218.71 2010.09  i
   56450.6547640   17.450   0.012    0.00     730.45    813.01    0.078    1.0    4.0   164.05 1990.26  i
   56450.7807070   17.205   0.014    0.00     827.12    877.30    0.078    1.0    4.0    57.71 2006.53  i
   56450.8789240   17.376   0.013    0.00     755.85    798.00    0.078    1.0    4.0   134.71 1997.51  i
   56450.9315670   17.496   0.012    0.00    1502.86   1642.00    0.079    1.0    4.0   101.06 2013.35  i
   56451.6550350   17.454   0.013    0.00    1388.90   1527.15    0.079    1.0    4.0   123.82 2014.51  i
   56451.7560450   17.239   0.013    0.00     571.31    607.82    0.081    1.0    4.0   259.34 1950.32  i
   56451.8791640   17.375   0.012    0.00     643.28    686.47    0.081    1.0    4.0   185.65 1967.08  i
   56452.5995270   17.268   0.014    0.00     804.67    855.71    0.081    1.0    4.0   212.96 2038.81  i
   56452.6882260   17.457   0.014    0.00     840.59    895.18    0.077    1.0    4.0   245.62 2011.71  i
   56452.7954910   17.193   0.014    0.00     683.05    723.80    0.078    1.0    4.0   253.67 1988.60  i
   56452.8634360   17.322   0.013    0.00     469.66    520.41    0.082    1.0    4.0   188.34 1994.80  i
   56453.6652810   17.490   0.014    0.00     534.89    561.18    0.077    1.0    4.0   223.58 1999.17  i
   56453.7380220   17.293   0.013    0.00     542.10    581.06    0.081    1.0    4.0   259.21 1956.59  i
   56453.8182420   17.242   0.019    0.00     376.79    413.73    0.083    1.0    4.0   245.17 1958.27  i
   56453.8885000   17.425   0.019    0.00     435.53    475.25    0.082    1.0    4.0   204.56 2013.74  i
   56465.5434170   17.198   0.013    0.00     542.90    584.27    0.081    1.0    4.0   206.05 2024.76  i
   56465.5643190   17.222   0.015    0.00     461.36    528.71    0.082    1.0    4.0   270.93 1954.90  i
   56465.5840340   17.248   0.015    0.00     484.38    555.21    0.081    1.0    4.0   209.65 1914.58  i
   56465.6044630   17.280   0.013    0.00     496.53    560.98    0.087    1.0    4.0   215.96 2001.86  i
   56465.6239060   17.337   0.012    0.00     541.66    613.07    0.089    1.0    4.0   205.26 2024.48  i
   56465.6430730   17.442   0.013    0.00    2094.79   2359.77    0.077    1.0    4.0   130.94 1951.25  i
   56465.6623080   17.469   0.015    0.00    2124.71   2685.24    0.078    1.0    4.0   125.02 1930.49  i
   56465.6816580   17.468   0.015    0.00    2412.79   3007.43    0.077    1.0    4.0   127.55 1908.75  i
   56467.5812550   17.235   0.015    0.00    2229.95   2838.81    0.078    1.0    4.0   127.21 1896.18  i
   56467.5978840   17.270   0.014    0.00    2197.80   2956.63    0.078    1.0    4.0   122.64 1887.06  i
   56467.6135950   17.312   0.014    0.00    2193.90   3049.48    0.078    1.0    4.0   117.81 1884.93  i
   56467.6294790   17.372   0.014    0.00    2199.42   3160.42    0.079    1.0    4.0   107.60 1885.00  i
   56467.6455040   17.435   0.012    0.00    6812.96   7794.35    0.082    1.0    4.0    94.16 1890.51  i
   56467.6623740   17.473   0.015    0.00    4863.53   5674.63    0.081    1.0    4.0   363.91 2055.34  i
   56467.6781220   17.481   0.014    0.00    3949.20   4949.21    0.081    1.0    4.0   230.34 1956.21  i
   56467.6948510   17.414   0.014    0.00    3796.81   4862.10    0.081    1.0    4.0   216.04 1939.82  i
   56509.5249250   17.179   0.014    0.00    3578.01   4714.04    0.080    1.0    4.0   210.34 1931.24  i
   56509.5949670   17.256   0.014    0.00    4304.14   5325.29    0.081    1.0    4.0   210.97 1928.56  i
   56509.6612680   17.468   0.015    0.00    3284.40   4495.16    0.081    1.0    4.0   204.29 1929.45  i
   56509.7261460   17.304   0.013    0.00    3257.32   4513.63    0.082    1.0    4.0   204.41 1942.41  i
   56510.5223770   17.191   0.015    0.00    3357.32   4670.38    0.082    1.0    4.0   245.48 1954.26  i
   56510.5876140   17.260   0.013    0.00    3177.12   4573.78    0.081    1.0    4.0   237.93 1966.14  i
   56510.6539380   17.468   0.012    0.00     470.69    518.87    0.082    1.0    4.0   185.65 1943.00  i
   56510.7179510   17.311   0.012    0.00     509.63    558.11    0.082    1.0    4.0   140.73 1953.15  i
   57112.8924790   17.354   0.022    0.00     399.54    455.96    0.082    1.0    4.0   170.35 1960.63  i
   57113.9058420   17.329   0.018    0.00     583.61    625.19    0.081    1.0    4.0   105.41 1997.58  i
   57114.7473780   17.190   0.018    0.00     450.96    488.99    0.081    1.0    4.0   199.45 1895.68  i
   57114.7580500   17.282   0.021    0.00     368.12    424.07    0.084    1.0    4.0   164.19 1929.63  i
   57114.7710880   17.334   0.024    0.00     412.93    459.22    0.081    1.0    4.0   122.68 1913.37  i
   57114.7841970   17.347   0.022    0.00     515.09    544.80    0.078    1.0    4.0   142.77 1965.01  i
   57114.7974960   17.384   0.019    0.00      30.33     34.46    0.092    1.0    3.0   225.34 1999.36  i
   57114.8104420   17.420   0.018    0.00      29.48     34.23    0.090    1.0    3.0   219.03 2016.47  i
   57114.8233170   17.497   0.023    0.00      53.64     58.47    0.091    1.0    3.0   204.66 2034.09  i
   57114.8362620   17.496   0.018    0.00      53.68     58.05    0.093    1.0    3.0   222.18 2012.76  i
   57114.8491800   17.505   0.014    0.00      50.53     55.18    0.094    1.0    3.0   217.15 1988.18  i
   57114.8560590   17.483   0.019    0.00      46.67     51.57    0.094    1.0    3.0   212.58 1968.79  i
   57114.8628950   17.446   0.013    0.00      45.39     49.98    0.090    1.0    3.0   203.00 1991.98  i
   57114.8801280   17.373   0.016    0.00      44.16     49.01    0.090    1.0    3.0   225.34 2009.13  i
   57114.8924860   17.323   0.018    0.00      42.77     47.64    0.090    1.0    3.0   240.67 1999.45  i
   57114.9084580   17.248   0.016    0.00      41.81     46.41    0.095    1.0    3.0   203.70 1999.58  i
   57115.7366510   17.190   0.020    0.00      40.13     46.08    0.090    1.0    3.0   228.03 1992.99  i
   57115.7471480   17.201   0.018    0.00      38.64     44.04    0.092    1.0    3.0   209.53 1959.89  i
   57115.7599940   17.248   0.020    0.00      36.43     41.06    0.088    1.0    3.0   226.89 1998.32  i
   57115.7737430   17.290   0.018    0.00      32.23     36.90    0.087    1.0    3.0   216.69 1998.49  i
   57115.7867230   17.330   0.019    0.00      26.62     30.86    0.085    1.0    3.0   204.86 2004.99  i
   57115.7998000   17.364   0.017    0.00      28.49     33.07    0.085    1.0    3.0   236.37 1975.78  i
   57115.8127770   17.453   0.017    0.00      61.73     65.57    0.089    1.0    3.0   284.51 2047.64  i
   57115.8257110   17.476   0.017    0.00      57.85     61.79    0.092    1.0    3.0   239.48 1994.63  i
   57115.8388920   17.513   0.019    0.00      52.64     57.28    0.092    1.0    3.0   233.86 2010.98  i
   57115.8517910   17.494   0.020    0.00      49.16     53.02    0.089    1.0    3.0   211.09 1984.96  i
   57115.8646660   17.422   0.021    0.00      46.15     50.48    0.091    1.0    3.0   228.35 1998.40  i
   57115.8909360   17.317   0.016    0.00      44.81     49.53    0.091    1.0    3.0   205.24 1986.74  i
   57115.8965760   17.289   0.013    0.00      43.48     47.86    0.089    1.0    3.0   218.66 2005.57  i
   57115.9079930   17.256   0.018    0.00      42.42     46.40    0.090    1.0    3.0   221.71 1999.73  i
   57115.9142460   17.268   0.016    0.00      41.20     44.96    0.091    1.0    3.0   217.19 1976.97  i
   57116.7341290   17.235   0.024    0.00      40.88     44.70    0.089    1.0    3.0   220.36 1981.45  i
   57116.7423910   17.275   0.025    0.00      40.68     44.41    0.090    1.0    3.0   215.38 1993.68  i
   57116.7552400   17.227   0.021    0.00      40.12     43.97    0.088    1.0    3.0   218.88 1980.93  i
   57116.7682540   17.262   0.021    0.00     792.74    830.27    0.079    1.0    3.0   213.89 1984.85  i
   57116.7811440   17.294   0.023    0.00      37.33     40.99    0.087    1.0    3.0   209.32 1981.69  i
   57116.7943090   17.337   0.018    0.00      45.65     49.40    0.088    1.0    3.0   211.78 2001.09  i
   57116.8072880   17.381   0.018    0.00      85.33     89.40    0.098    1.0    3.0   211.22 2028.41  i
   57116.8202360   17.470   0.019    0.00      80.83     84.71    0.099    1.0    3.0   218.77 2018.84  i
   57116.8332230   17.492   0.020    0.00      75.60     79.81    0.096    1.0    3.0   225.12 1994.24  i
   57116.8460950   17.486   0.015    0.00      67.16     70.99    0.094    1.0    3.0   216.15 1995.79  i
   57116.8598420   17.455   0.017    0.00      60.43     64.33    0.093    1.0    3.0   244.75 2010.55  i
   57116.8727070   17.371   0.024    0.00      57.21     60.94    0.089    1.0    3.0   224.57 2019.66  i
   57116.8858200   17.353   0.017    0.00      55.80     59.57    0.089    1.0    3.0   215.64 1991.42  i
   57116.8988920   17.276   0.019    0.00      53.29     57.24    0.094    1.0    3.0   203.20 1995.13  i
   57116.9126670   17.235   0.018    0.00      49.94     53.94    0.092    1.0    3.0   204.51 1993.67  i
   56423.8588830   17.255   0.013    0.00      49.51     53.37    0.089    1.0    3.0   211.95 1984.05  z
   56424.6918710   17.413   0.014    0.00      50.45     54.19    0.091    1.0    3.0   232.10 1994.98  z
   56424.7696560   17.167   0.013    0.00      51.69     55.38    0.088    1.0    3.0   224.27 2001.73  z
   56424.8549130   17.242   0.013    0.00      48.56     52.65    0.089    1.0    3.0   234.87 1999.13  z
   56450.6562610   17.402   0.015    0.00      46.25     49.96    0.088    1.0    3.0   220.53 1998.74  z
   56450.7822050   17.150   0.016    0.00      47.60     51.71    0.088    1.0    3.0   228.54 2008.73  z
   56450.8805240   17.332   0.013    0.00    1814.62   1891.32    0.078    1.0    4.0    70.77 2061.51  z
   56450.9330670   17.479   0.012    0.00    1622.87   1674.14    0.080    1.0    4.0   148.83 1965.91  z
   56451.6565950   17.411   0.017    0.00    2973.98   3128.51    0.081    1.0    4.0   110.42 2023.78  z
   56451.7575340   17.191   0.013    0.00    2788.33   2963.18    0.083    1.0    4.0   132.61 2002.70  z
   56451.8806790   17.334   0.012    0.00    1128.34   1194.56    0.082    1.0    4.0   245.13 1950.74  z
   56452.6010930   17.220   0.014    0.00    1355.98   1423.79    0.079    1.0    4.0   198.95 1976.43  z
   56452.6898160   17.389   0.013    0.00    1774.99   1837.80    0.082    1.0    4.0   206.97 2034.69  z
   56452.7969980   17.140   0.014    0.00    1758.15   1856.50    0.080    1.0    4.0   234.19 2008.60  z
   56452.8650360   17.261   0.014    0.00    1409.91   1498.81    0.081    1.0    4.0   264.05 1952.22  z
   56453.7395280   17.222   0.014    0.00     933.17   1047.44    0.081    1.0    4.0   198.40 1968.37  z
   56453.8198370   17.153   0.016    0.00    1095.25   1153.84    0.080    1.0    4.0   211.58 2043.26  z
   56453.8899870   17.387   0.021    0.00    1023.18   1074.94    0.081    1.0    4.0   275.67 1924.74  z
   56465.5449060   17.157   0.015    0.00     671.00    723.97    0.083    1.0    4.0   255.49 1969.22  z
   56465.5658140   17.153   0.014    0.00     806.30    864.03    0.080    1.0    4.0   213.10 2004.38  z
   56465.5855270   17.186   0.015    0.00     905.87    964.62    0.083    1.0    4.0   212.38 2035.53  z
   56465.6059440   17.240   0.013    0.00     738.58    811.07    0.086    1.0    4.0   190.00 1945.92  z
   56465.6253900   17.311   0.015    0.00     738.44    809.04    0.092    1.0    4.0   211.14 1994.17  z
   56465.6445560   17.378   0.013    0.00     825.22    906.68    0.096    1.0    4.0   201.76 2029.90  z
   56465.6637900   17.417   0.012    0.00    2151.78   2397.70    0.080    1.0    4.0   132.92 1910.29  z
   56465.6831430   17.405   0.012    0.00    2163.31   2621.94    0.080    1.0    4.0   124.41 1929.50  z
   56467.5417120   17.181   0.019    0.00    2393.46   2888.57    0.080    1.0    4.0   126.46 1909.19  z
   56467.6150990   17.265   0.014    0.00    2100.81   2655.71    0.080    1.0    4.0   125.36 1897.28  z
   56467.6309890   17.333   0.014    0.00    2058.21   2674.84    0.081    1.0    4.0   120.69 1886.81  z
   56467.6796280   17.403   0.013    0.00    2042.01   2793.99    0.081    1.0    4.0   117.28 1841.88  z
   56467.6963460   17.368   0.015    0.00    2034.78   2864.62    0.082    1.0    4.0   106.12 1886.34  z
   56509.5264300   17.141   0.014    0.00    1449.93   1707.52    0.082    1.0    4.0    93.51 1891.71  z
   56509.5964540   17.225   0.015    0.00    4410.29   5078.81    0.084    1.0    4.0   363.82 2053.73  z
   56509.7276340   17.235   0.013    0.00    3407.86   4293.10    0.081    7.0    4.0   214.65 1938.38  z
   56510.5238770   17.138   0.011    0.00    3205.10   4132.69    0.082    1.0    4.0   209.33 1887.54  z
   56510.5891100   17.213   0.015    0.00    3658.61   4523.60    0.082    1.0    4.0   209.17 1931.59  z
   56510.6554310   17.419   0.014    0.00    2763.25   3813.80    0.084    7.0    4.0   216.14 1956.73  z
   56510.7194500   17.267   0.016    0.00    2836.37   3929.38    0.084    1.0    4.0   247.89 1971.08  z
   57112.8928570   17.247   0.023    0.00    2700.42   3853.81    0.084    1.0    4.0   241.45 1961.35  z
   57113.9062140   17.222   0.019    0.00     824.91    882.50    0.082    1.0    4.0   174.20 1934.50  z
   57114.7477470   17.158   0.024    0.00     814.74    916.56    0.081    1.0    4.0   141.94 1954.28  z
   57114.7584140   17.199   0.020    0.00    1096.39   1184.58    0.081    1.0    4.0   111.18 1986.08  z
   57114.7714580   17.217   0.018    0.00     851.71    895.55    0.080    1.0    4.0   192.18 1880.14  z
   57114.7845750   17.278   0.021    0.00     669.65    724.13    0.083    1.0    4.0   150.71 1914.50  z
   57114.7978740   17.289   0.026    0.00     751.71    808.55    0.081    1.0    4.0   137.71 1914.72  z
   57114.8108220   17.392   0.020    0.00    1013.45   1057.27    0.080    1.0    4.0   150.07 1970.22  z
   57114.8236910   17.401   0.019    0.00      57.25     61.71    0.098    1.0    3.0   213.77 1992.64  z
   57114.8366360   17.395   0.027    0.00      53.21     58.42    0.096    1.0    3.0   223.65 2005.84  z
   57114.8495650   17.390   0.018    0.00      63.08     68.52    0.099    1.0    3.0   193.34 2025.54  z
   57114.8564390   17.419   0.026    0.00      66.62     71.87    0.097    1.0    3.0   227.11 2017.74  z
   57114.8632660   17.388   0.026    0.00      64.00     69.60    0.096    1.0    3.0   200.70 1988.87  z
   57114.8804980   17.330   0.018    0.00      59.38     65.09    0.094    1.0    3.0   211.00 1972.77  z
   57114.8928720   17.283   0.026    0.00      59.07     65.24    0.095    1.0    3.0   204.08 1973.10  z
   57114.9088320   17.226   0.018    0.00      58.81     64.78    0.097    1.0    3.0   222.24 1995.32  z
   57115.7370190   17.157   0.023    0.00      57.96     63.98    0.096    1.0    3.0   233.89 1989.89  z
   57115.7475230   17.136   0.026    0.00      57.43     64.54    0.098    1.0    3.0   213.02 1991.50  z
   57115.7603800   17.197   0.019    0.00      55.63     63.16    0.101    1.0    3.0   228.12 1976.60  z
   57115.7741150   17.251   0.018    0.00      54.55     61.30    0.099    1.0    3.0   223.74 1949.63  z
   57115.7870960   17.280   0.018    0.00      51.64     57.22    0.094    1.0    3.0   231.28 1988.68  z
   57115.8001730   17.338   0.021    0.00      48.68     54.66    0.094    1.0    3.0   225.49 1987.81  z
   57115.8131540   17.356   0.016    0.00      46.11     51.57    0.092    1.0    3.0   194.12 2023.54  z
   57115.8260970   17.400   0.018    0.00      47.70     53.24    0.092    1.0    3.0   230.49 1961.63  z
   57115.8392850   17.437   0.019    0.00      59.22     63.71    0.094    1.0    3.0   278.21 2042.52  z
   57115.8521590   17.385   0.017    0.00      55.63     60.33    0.098    1.0    3.0   226.76 1998.28  z
   57115.8650410   17.381   0.022    0.00      50.84     55.53    0.093    1.0    3.0   222.04 1997.88  z
   57115.8913070   17.234   0.019    0.00      47.11     52.19    0.095    1.0    3.0   219.94 1989.93  z
   57115.8980530   17.242   0.014    0.00      45.72     50.33    0.092    1.0    3.0   238.94 2002.33  z
   57115.9083670   17.183   0.017    0.00      45.81     51.10    0.095    1.0    3.0   209.08 1995.13  z
   57115.9151090   17.162   0.017    0.00      45.44     50.43    0.097    1.0    3.0   213.18 2014.10  z
   57116.7345050   17.077   0.027    0.00      44.58     49.19    0.095    1.0    3.0   208.12 1986.01  z
   57116.7686180   17.232   0.025    0.00      43.32     47.79    0.096    1.0    3.0   235.55 1991.44  z
   57116.7815160   17.269   0.019    0.00      45.11     49.46    0.094    1.0    3.0   227.39 1988.64  z
   57116.7946720   17.285   0.017    0.00      47.99     52.26    0.094    1.0    3.0   200.68 1988.27  z
   57116.8076510   17.348   0.018    0.00      50.41     54.79    0.093    1.0    3.0   216.69 1976.34  z
   57116.8206200   17.377   0.021    0.00     981.12   1029.42    0.077    1.0    3.0   221.71 1993.68  z
   57116.8465140   17.454   0.028    0.00      47.33     51.16    0.093    1.0    3.0   204.49 1990.62  z
   57116.8602160   17.375   0.018    0.00      51.13     55.50    0.093    1.0    3.0   221.68 1993.77  z
   57116.8730750   17.325   0.017    0.00      80.67     84.92    0.101    1.0    3.0   197.25 2029.49  z
   57116.8861920   17.255   0.020    0.00      73.38     77.84    0.100    1.0    3.0   213.92 1998.60  z
   57116.8992540   17.212   0.015    0.00      64.64     68.98    0.094    1.0    3.0   224.47 1994.63  z
   57116.9130340   17.196   0.020    0.00      61.00     65.59    0.098    1.0    3.0   237.07 2020.50  z
