date      rv     rv_err
6959.737  -60.48 14.00
7194.912  -53.60 7.49
7223.798  -38.36 6.14
7964.893  0.60 8.19
8017.730  -28.29 10.57
8374.771  -40.25 9.37
8647.897  42.37 11.41
8648.910  32.64 11.02
8670.878  55.45 11.45
8745.691  51.78 8.76
8992.061  4.49 11.21
9067.771  -14.63 7.00
9096.734  -26.06 6.79
9122.691  -47.38 7.91
9172.686  -38.22 10.55
9349.912  -52.21 9.52
9374.964  -48.69 8.67
9411.839  -36.01 12.81
9481.720  -52.46 13.40
9767.918  38.58 5.48
9768.908  36.68 5.02
9802.789  37.93 3.85
10058.079  15.82 3.45
10068.980  15.46 4.63
10072.012  21.20 4.09
10088.994  1.30 4.25
10089.947  6.12 3.70
10091.900  0.00 4.16
10120.918  4.07 4.16
10124.905  0.29 3.74
10125.823  -1.87 3.79
10127.898  -0.68 4.10
10144.877  -4.13 5.26
10150.797  -8.14 4.18
10172.829  -10.79 4.43
10173.762  -9.33 5.43
10181.742  -23.87 3.28
10187.740  -16.70 4.67
10199.730  -16.29 3.98
10203.733  -21.84 4.92
10214.731  -24.51 3.67
10422.018  -56.63 4.23
10438.001  -39.61 3.91
10442.027  -44.62 4.05
10502.853  -32.05 4.69
10504.859  -39.08 4.65
10536.845  -22.46 5.18
10537.842  -22.83 4.16
10563.673  -17.47 4.03
10579.697  -11.01 3.84
10610.719  -8.67 3.52
10793.957  37.00 3.78
10795.039  41.85 4.80
10978.684  36.42 5.01
11131.066  13.56 6.61
11175.027  -3.74 8.17
11242.842  -21.85 5.43
11303.712  -48.75 4.63
11508.070  -51.65 8.37
11536.064  -72.44 4.73
11540.999  -57.58 5.97
11607.916  -43.94 4.94
11626.771  -39.14 7.03
11627.754  -50.88 6.21
11628.727  -51.52 5.87
11629.832  -51.86 4.60
11700.693  -24.58 5.20
11861.049  14.64 5.33
11874.068  14.15 5.75
11881.045  18.02 4.15
11895.068  16.96 4.60
11906.014  11.73 4.07
11907.011  22.83 4.38
11909.042  23.42 3.78
11910.955  18.34 4.33
11914.067  15.45 5.37
11915.048  24.05 3.82
11916.033  23.16 3.67
11939.969  27.53 5.08
11946.960  21.44 4.18
11969.902  30.99 4.58
11971.894  38.36 5.01
11998.779  33.82 3.93
11999.820  27.52 3.98
12000.858  23.40 4.07
12028.740  37.08 4.95
12033.746  26.28 5.24
12040.759  31.12 3.54
12041.719  34.04 3.45
12042.695  31.38 3.98
12073.723  21.81 4.73
